115
115
115
123
123
123
123
123
123
123
123
123
115
66
49
41
41
41
33
33
41
41
41
49
49
58
66
66
74
66
66
66
115
123
123
123
132
132
132
140
140
140
132
132
123
90
58
41
41
41
41
82
41
33
41
49
58
74
74
74
74
66
66
66
123
123
132
132
132
132
140
156
173
165
148
140
132
132
74
41
41
66
107
49
33
33
49
49
82
82
74
74
74
74
66
74
132
132
132
132
140
140
156
197
255
255
165
148
140
132
66
49
66
115
115
41
41
41
49
90
90
90
82
82
82
74
74
66
132
132
140
140
140
148
156
222
255
255
197
165
148
140
74
49
58
115
41
41
41
41
99
99
90
90
82
82
74
74
74
90
140
132
140
140
140
148
156
189
255
255
181
165
156
148
82
58
49
49
49
49
49
107
107
99
90
90
82
82
74
74
74
66
140
140
140
140
140
148
156
165
181
173
165
156
156
165
107
82
58
41
49
58
66
107
107
107
99
99
90
82
74
74
74
66
140
140
140
140
148
148
156
156
165
165
165
156
156
165
148
115
66
66
58
66
115
115
107
107
99
90
90
82
82
82
74
74
140
140
140
140
148
148
148
156
156
165
165
156
165
165
156
132
82
90
74
132
123
115
115
107
99
99
90
82
82
74
74
66
140
140
140
140
140
148
148
156
156
165
165
165
165
173
132
115
107
90
140
132
123
123
115
107
99
99
90
82
74
74
66
58
140
140
140
140
140
148
148
156
156
165
165
173
173
214
123
115
107
156
148
140
132
115
115
107
107
82
74
66
66
58
58
49
140
140
140
140
140
148
148
156
165
165
165
165
165
132
255
115
99
148
148
140
132
66
58
66
82
74
66
66
66
58
49
58
140
148
140
140
148
148
156
156
165
165
165
165
0
115
115
107
156
148
148
140
132
58
58
66
74
74
66
66
66
58
58
49
148
148
148
148
148
148
156
156
165
173
173
173
173
115
107
156
156
148
148
140
132
74
58
58
74
66
66
66
58
58
49
58
148
148
148
148
148
156
156
165
165
173
173
173
173
165
165
165
156
148
148
140
123
123
58
58
66
66
66
66
58
58
49
49
148
148
148
148
156
156
165
165
173
173
173
173
173
173
165
156
156
148
140
140
132
115
58
49
66
66
66
58
49
49
41
33
148
148
156
156
156
165
165
165
173
173
173
173
165
165
165
156
148
148
140
140
123
115
49
49
49
41
41
33
33
33
33
33
156
156
156
156
165
165
173
165
173
173
173
173
173
173
165
156
156
140
132
123
115
115
115
33
33
33
33
16
66
82
82
82
156
156
156
156
165
165
173
165
173
173
173
173
156
148
140
140
140
140
132
132
132
132
123
41
41
123
107
99
107
99
99
90
165
156
156
165
165
156
148
148
148
148
148
148
156
148
148
148
148
148
140
140
140
132
132
123
123
123
115
107
107
99
99
99
123
132
140
140
148
148
148
156
156
156
156
156
165
148
140
132
148
148
148
140
140
132
123
123
115
115
107
107
107
99
99
99
140
148
148
156
156
156
156
132
148
140
140
132
123
115
107
107
148
148
140
140
132
132
123
123
115
115
115
107
107
107
99
99
156
156
165
165
165
165
148
132
123
132
123
140
66
66
90
123
140
140
140
140
132
132
123
123
123
115
107
107
107
107
99
99
165
165
165
165
156
140
115
107
66
74
66
74
66
90
107
99
140
140
132
132
132
123
123
123
115
115
107
107
107
99
99
99
0
0
0
0
0
0
0
0
0
0
0
0
0
0
0
0
0
0
0
0
0
0
0
0
