99
0
115
66
99
140
132
123
115
107
74
74
123
132
140
197
156
74
41
49
90
66
82
74
132
140
148
239
181
115
82
123
115
99
90
82
140
140
148
156
107
115
90
132
123
107
90
74
140
140
148
156
115
255
156
140
123
107
74
66
148
140
148
165
165
165
165
148
123
49
66
58
148
148
156
173
173
165
156
148
123
49
66
49
156
156
165
173
173
165
140
132
132
82
33
99
132
140
148
156
156
156
132
140
140
123
115
107
165
165
156
132
123
66
99
140
132
115
107
107
99
0
123
66
99
140
132
115
107
107
0
0
0
0
0
0
0
0
0
0
